   Object Type Measurement time (s)  mean_average_precision  min_ade  min_fde  miss_rate  overlap_rate
0      Vehicle                    3                  0.5554   0.1951   0.3498     0.0686        0.1705
1      Vehicle                    5                  0.4387   0.3580   0.7416     0.0919        0.1978
2      Vehicle                    8                  0.3310   0.6866   1.7106     0.1370        0.2423
3      Vehicle                  Avg                  0.4417   0.4132   0.9340     0.0992        0.2035
4   Pedestrian                    3                  0.4368   0.2080   0.3781     0.1296        0.4522
5   Pedestrian                    5                  0.3980   0.3144   0.6563     0.1203        0.4885
6   Pedestrian                    8                  0.3548   0.4506   1.1624     0.1293        0.5197
7   Pedestrian                  Avg                  0.3966   0.3243   0.7323     0.1264        0.4868
8      Cyclist                    3                  0.3650   0.4190   0.8016     0.2215        0.1352
9      Cyclist                    5                  0.3611   0.6584   1.4355     0.2052        0.1643
10     Cyclist                    8                  0.3000   1.0107   2.7796     0.2345        0.1976
11     Cyclist                  Avg                  0.3420   0.6960   1.6722     0.2204        0.1657
12         Ego                    3                  0.6025   0.2200   0.3901     0.0952        0.0000
13         Ego                    5                  0.5246   0.4141   0.7834     0.1079        0.0000
14         Ego                    8                  0.4181   0.8288   1.7521     0.1532        0.0000
15         Ego                  Avg                  0.5151   0.4876   0.9752     0.1187        0.0000
16         All                    3                  0.4524   0.2740   0.5098     0.1399        0.2526
17         All                    5                  0.3993   0.4436   0.9445     0.1391        0.2835
18         All                    8                  0.3286   0.7159   1.8842     0.1669        0.3199
19         All                  Avg                  0.3934   0.4779   1.1128     0.1487        0.2853